[2026-01-13T16:56:38.238Z] [RX] 5b 54 45 53 54 5d 20 48 65 61 72 74 62 65 61 74 20 23 32 35 30 31 20 66 72 6f 6d 20 50 79 74 68 6f 6e 0a
[2026-01-13T16:56:38.257Z] [SYS] Connected to COM8 at 115200
[2026-01-13T16:56:39.239Z] [RX] 5b 54 45 53 54 5d 20 48 65 61 72 74 62 65 61 74 20 23 32 35 30 32 20 66 72 6f 6d 20 50 79 74 68 6f 6e 0a
[2026-01-13T16:56:40.239Z] [RX] 5b 54 45 53 54 5d 20 48 65 61 72 74 62 65 61 74 20 23 32 35 30 33 20 66 72 6f 6d 20 50 79 74 68 6f 6e 0a
[2026-01-13T16:56:41.239Z] [RX] 5b 54 45 53 54 5d 20 48 65 61 72 74 62 65 61 74 20 23 32 35 30 34 20 66 72 6f 6d 20 50 79 74 68 6f 6e 0a
[2026-01-13T16:56:42.239Z] [RX] 5b 54 45 53 54 5d 20 48 65 61 72 74 62 65 61 74 20 23 32 35 30 35 20 66 72 6f 6d 20 50 79 74 68 6f 6e 0a
[2026-01-13T16:56:43.239Z] [RX] 5b 54 45 53 54 5d 20 48 65 61 72 74 62 65 61 74 20 23 32 35 30 36 20 66 72 6f 6d 20 50 79 74 68 6f 6e 0a
[2026-01-13T16:56:44.240Z] [RX] 5b 54 45 53 54 5d 20 48 65 61 72 74 62 65 61 74 20 23 32 35 30 37 20 66 72 6f 6d 20 50 79 74 68 6f 6e 0a
[2026-01-13T16:56:45.240Z] [RX] 5b 54 45 53 54 5d 20 48 65 61 72 74 62 65 61 74 20 23 32 35 30 38 20 66 72 6f 6d 20 50 79 74 68 6f 6e 0a
[2026-01-13T16:56:46.240Z] [RX] 5b 54 45 53 54 5d 20 48 65 61 72 74 62 65 61 74 20 23 32 35 30 39 20 66 72 6f 6d 20 50 79 74 68 6f 6e 0a
[2026-01-13T16:56:47.240Z] [RX] 5b 54 45 53 54 5d 20 48 65 61 72 74 62 65 61 74 20 23 32 35 31 30 20 66 72 6f 6d 20 50 79 74 68 6f 6e 0a
[2026-01-13T16:56:48.241Z] [RX] 5b 54 45 53 54 5d 20 48 65 61 72 74 62 65 61 74 20 23 32 35 31 31 20 66 72 6f 6d 20 50 79 74 68 6f 6e 0a
[2026-01-13T16:56:49.241Z] [RX] 5b 54 45 53 54 5d 20 48 65 61 72 74 62 65 61 74 20 23 32 35 31 32 20 66 72 6f 6d 20 50 79 74 68 6f 6e 0a
[2026-01-13T16:56:50.242Z] [RX] 5b 54 45 53 54 5d 20 48 65 61 72 74 62 65 61 74 20 23 32 35 31 33 20 66 72 6f 6d 20 50 79 74 68 6f 6e 0a
[2026-01-13T16:56:51.242Z] [RX] 5b 54 45 53 54 5d 20 48 65 61 72 74 62 65 61 74 20 23 32 35 31 34 20 66 72 6f 6d 20 50 79 74 68 6f 6e 0a
[2026-01-13T16:56:52.242Z] [RX] 5b 54 45 53 54 5d 20 48 65 61 72 74 62 65 61 74 20 23 32 35 31 35 20 66 72 6f 6d 20 50 79 74 68 6f 6e 0a
[2026-01-13T16:56:53.243Z] [RX] 5b 54 45 53 54 5d 20 48 65 61 72 74 62 65 61 74 20 23 32 35 31 36 20 66 72 6f 6d 20 50 79 74 68 6f 6e 0a
[2026-01-13T16:56:54.243Z] [RX] 5b 54 45 53 54 5d 20 48 65 61 72 74 62 65 61 74 20 23 32 35 31 37 20 66 72 6f 6d 20 50 79 74 68 6f 6e 0a
[2026-01-13T16:56:55.243Z] [RX] 5b 54 45 53 54 5d 20 48 65 61 72 74 62 65 61 74 20 23 32 35 31 38 20 66 72 6f 6d 20 50 79 74 68 6f 6e 0a
[2026-01-13T16:56:56.244Z] [RX] 5b 54 45 53 54 5d 20 48 65 61 72 74 62 65 61 74 20 23 32 35 31 39 20 66 72 6f 6d 20 50 79 74 68 6f 6e 0a
[2026-01-13T16:56:57.244Z] [RX] 5b 54 45 53 54 5d 20 48 65 61 72 74 62 65 61 74 20 23 32 35 32 30 20 66 72 6f 6d 20 50 79 74 68 6f 6e 0a
[2026-01-13T16:56:58.244Z] [RX] 5b 54 45 53 54 5d 20 48 65 61 72 74 62 65 61 74 20 23 32 35 32 31 20 66 72 6f 6d 20 50 79 74 68 6f 6e 0a
[2026-01-13T16:56:59.245Z] [RX] 5b 54 45 53 54 5d 20 48 65 61 72 74 62 65 61 74 20 23 32 35 32 32 20 66 72 6f 6d 20 50 79 74 68 6f 6e 0a
[2026-01-13T16:57:00.245Z] [RX] 5b 54 45 53 54 5d 20 48 65 61 72 74 62 65 61 74 20 23 32 35 32 33 20 66 72 6f 6d 20 50 79 74 68 6f 6e 0a
[2026-01-13T16:57:01.245Z] [RX] 5b 54 45 53 54 5d 20 48 65 61 72 74 62 65 61 74 20 23 32 35 32 34 20 66 72 6f 6d 20 50 79 74 68 6f 6e 0a
[2026-01-13T16:57:02.245Z] [RX] 5b 54 45 53 54 5d 20 48 65 61 72 74 62 65 61 74 20 23 32 35 32 35 20 66 72 6f 6d 20 50 79 74 68 6f 6e 0a
[2026-01-13T16:57:03.245Z] [RX] 5b 54 45 53 54 5d 20 48 65 61 72 74 62 65 61 74 20 23 32 35 32 36 20 66 72 6f 6d 20 50 79 74 68 6f 6e 0a
[2026-01-13T16:57:04.246Z] [RX] 5b 54 45 53 54 5d 20 48 65 61 72 74 62 65 61 74 20 23 32 35 32 37 20 66 72 6f 6d 20 50 79 74 68 6f 6e 0a
[2026-01-13T16:57:05.246Z] [RX] 5b 54 45 53 54 5d 20 48 65 61 72 74 62 65 61 74 20 23 32 35 32 38 20 66 72 6f 6d 20 50 79 74 68 6f 6e 0a
[2026-01-13T16:57:06.246Z] [RX] 5b 54 45 53 54 5d 20 48 65 61 72 74 62 65 61 74 20 23 32 35 32 39 20 66 72 6f 6d 20 50 79 74 68 6f 6e 0a
[2026-01-13T16:57:07.247Z] [RX] 5b 54 45 53 54 5d 20 48 65 61 72 74 62 65 61 74 20 23 32 35 33 30 20 66 72 6f 6d 20 50 79 74 68 6f 6e 0a
[2026-01-13T16:57:08.247Z] [RX] 5b 54 45 53 54 5d 20 48 65 61 72 74 62 65 61 74 20 23 32 35 33 31 20 66 72 6f 6d 20 50 79 74 68 6f 6e 0a
[2026-01-13T16:57:09.247Z] [RX] 5b 54 45 53 54 5d 20 48 65 61 72 74 62 65 61 74 20 23 32 35 33 32 20 66 72 6f 6d 20 50 79 74 68 6f 6e 0a
[2026-01-13T16:57:10.248Z] [RX] 5b 54 45 53 54 5d 20 48 65 61 72 74 62 65 61 74 20 23 32 35 33 33 20 66 72 6f 6d 20 50 79 74 68 6f 6e 0a
[2026-01-13T16:57:11.248Z] [RX] 5b 54 45 53 54 5d 20 48 65 61 72 74 62 65 61 74 20 23 32 35 33 34 20 66 72 6f 6d 20 50 79 74 68 6f 6e 0a
[2026-01-13T16:57:12.249Z] [RX] 5b 54 45 53 54 5d 20 48 65 61 72 74 62 65 61 74 20 23 32 35 33 35 20 66 72 6f 6d 20 50 79 74 68 6f 6e 0a
[2026-01-13T16:57:13.250Z] [RX] 5b 54 45 53 54 5d 20 48 65 61 72 74 62 65 61 74 20 23 32 35 33 36 20 66 72 6f 6d 20 50 79 74 68 6f 6e 0a
[2026-01-13T16:57:14.250Z] [RX] 5b 54 45 53 54 5d 20 48 65 61 72 74 62 65 61 74 20 23 32 35 33 37 20 66 72 6f 6d 20 50 79 74 68 6f 6e 0a
[2026-01-13T16:57:15.250Z] [RX] 5b 54 45 53 54 5d 20 48 65 61 72 74 62 65 61 74 20 23 32 35 33 38 20 66 72 6f 6d 20 50 79 74 68 6f 6e 0a
[2026-01-13T16:57:16.250Z] [RX] 5b 54 45 53 54 5d 20 48 65 61 72 74 62 65 61 74 20 23 32 35 33 39 20 66 72 6f 6d 20 50 79 74 68 6f 6e 0a
[2026-01-13T16:57:17.251Z] [RX] 5b 54 45 53 54 5d 20 48 65 61 72 74 62 65 61 74 20 23 32 35 34 30 20 66 72 6f 6d 20 50 79 74 68 6f 6e 0a
[2026-01-13T16:57:18.251Z] [RX] 5b 54 45 53 54 5d 20 48 65 61 72 74 62 65 61 74 20 23 32 35 34 31 20 66 72 6f 6d 20 50 79 74 68 6f 6e 0a
[2026-01-13T16:57:19.251Z] [RX] 5b 54 45 53 54 5d 20 48 65 61 72 74 62 65 61 74 20 23 32 35 34 32 20 66 72 6f 6d 20 50 79 74 68 6f 6e 0a
[2026-01-13T16:57:20.252Z] [RX] 5b 54 45 53 54 5d 20 48 65 61 72 74 62 65 61 74 20 23 32 35 34 33 20 66 72 6f 6d 20 50 79 74 68 6f 6e 0a
[2026-01-13T16:57:21.252Z] [RX] 5b 54 45 53 54 5d 20 48 65 61 72 74 62 65 61 74 20 23 32 35 34 34 20 66 72 6f 6d 20 50 79 74 68 6f 6e 0a
[2026-01-13T16:57:22.252Z] [RX] 5b 54 45 53 54 5d 20 48 65 61 72 74 62 65 61 74 20 23 32 35 34 35 20 66 72 6f 6d 20 50 79 74 68 6f 6e 0a
[2026-01-13T16:57:23.253Z] [RX] 5b 54 45 53 54 5d 20 48 65 61 72 74 62 65 61 74 20 23 32 35 34 36 20 66 72 6f 6d 20 50 79 74 68 6f 6e 0a
[2026-01-13T16:57:24.253Z] [RX] 5b 54 45 53 54 5d 20 48 65 61 72 74 62 65 61 74 20 23 32 35 34 37 20 66 72 6f 6d 20 50 79 74 68 6f 6e 0a
[2026-01-13T16:57:25.253Z] [RX] 5b 54 45 53 54 5d 20 48 65 61 72 74 62 65 61 74 20 23 32 35 34 38 20 66 72 6f 6d 20 50 79 74 68 6f 6e 0a
[2026-01-13T16:57:26.254Z] [RX] 5b 54 45 53 54 5d 20 48 65 61 72 74 62 65 61 74 20 23 32 35 34 39 20 66 72 6f 6d 20 50 79 74 68 6f 6e 0a
[2026-01-13T16:57:27.254Z] [RX] 5b 54 45 53 54 5d 20 48 65 61 72 74 62 65 61 74 20 23 32 35 35 30 20 66 72 6f 6d 20 50 79 74 68 6f 6e 0a
[2026-01-13T16:57:28.254Z] [RX] 5b 54 45 53 54 5d 20 48 65 61 72 74 62 65 61 74 20 23 32 35 35 31 20 66 72 6f 6d 20 50 79 74 68 6f 6e 0a
[2026-01-13T16:57:29.254Z] [RX] 5b 54 45 53 54 5d 20 48 65 61 72 74 62 65 61 74 20 23 32 35 35 32 20 66 72 6f 6d 20 50 79 74 68 6f 6e 0a
[2026-01-13T16:57:30.254Z] [RX] 5b 54 45 53 54 5d 20 48 65 61 72 74 62 65 61 74 20 23 32 35 35 33 20 66 72 6f 6d 20 50 79 74 68 6f 6e 0a
[2026-01-13T16:57:31.255Z] [RX] 5b 54 45 53 54 5d 20 48 65 61 72 74 62 65 61 74 20 23 32 35 35 34 20 66 72 6f 6d 20 50 79 74 68 6f 6e 0a
[2026-01-13T16:57:32.255Z] [RX] 5b 54 45 53 54 5d 20 48 65 61 72 74 62 65 61 74 20 23 32 35 35 35 20 66 72 6f 6d 20 50 79 74 68 6f 6e 0a
[2026-01-13T16:57:33.255Z] [RX] 5b 54 45 53 54 5d 20 48 65 61 72 74 62 65 61 74 20 23 32 35 35 36 20 66 72 6f 6d 20 50 79 74 68 6f 6e 0a
[2026-01-13T16:57:34.255Z] [RX] 5b 54 45 53 54 5d 20 48 65 61 72 74 62 65 61 74 20 23 32 35 35 37 20 66 72 6f 6d 20 50 79 74 68 6f 6e 0a
[2026-01-13T16:57:35.256Z] [RX] 5b 54 45 53 54 5d 20 48 65 61 72 74 62 65 61 74 20 23 32 35 35 38 20 66 72 6f 6d 20 50 79 74 68 6f 6e 0a
[2026-01-13T16:57:36.256Z] [RX] 5b 54 45 53 54 5d 20 48 65 61 72 74 62 65 61 74 20 23 32 35 35 39 20 66 72 6f 6d 20 50 79 74 68 6f 6e 0a
[2026-01-13T16:57:37.257Z] [RX] 5b 54 45 53 54 5d 20 48 65 61 72 74 62 65 61 74 20 23 32 35 36 30 20 66 72 6f 6d 20 50 79 74 68 6f 6e 0a
[2026-01-13T16:57:38.257Z] [RX] 5b 54 45 53 54 5d 20 48 65 61 72 74 62 65 61 74 20 23 32 35 36 31 20 66 72 6f 6d 20 50 79 74 68 6f 6e 0a
[2026-01-13T16:57:39.258Z] [RX] 5b 54 45 53 54 5d 20 48 65 61 72 74 62 65 61 74 20 23 32 35 36 32 20 66 72 6f 6d 20 50 79 74 68 6f 6e 0a
[2026-01-13T16:57:40.258Z] [RX] 5b 54 45 53 54 5d 20 48 65 61 72 74 62 65 61 74 20 23 32 35 36 33 20 66 72 6f 6d 20 50 79 74 68 6f 6e 0a
[2026-01-13T16:57:41.258Z] [RX] 5b 54 45 53 54 5d 20 48 65 61 72 74 62 65 61 74 20 23 32 35 36 34 20 66 72 6f 6d 20 50 79 74 68 6f 6e 0a
[2026-01-13T16:57:42.258Z] [RX] 5b 54 45 53 54 5d 20 48 65 61 72 74 62 65 61 74 20 23 32 35 36 35 20 66 72 6f 6d 20 50 79 74 68 6f 6e 0a
[2026-01-13T16:57:43.259Z] [RX] 5b 54 45 53 54 5d 20 48 65 61 72 74 62 65 61 74 20 23 32 35 36 36 20 66 72 6f 6d 20 50 79 74 68 6f 6e 0a
[2026-01-13T16:57:44.259Z] [RX] 5b 54 45 53 54 5d 20 48 65 61 72 74 62 65 61 74 20 23 32 35 36 37 20 66 72 6f 6d 20 50 79 74 68 6f 6e 0a
[2026-01-13T16:57:45.259Z] [RX] 5b 54 45 53 54 5d 20 48 65 61 72 74 62 65 61 74 20 23 32 35 36 38 20 66 72 6f 6d 20 50 79 74 68 6f 6e 0a
[2026-01-13T16:57:46.260Z] [RX] 5b 54 45 53 54 5d 20 48 65 61 72 74 62 65 61 74 20 23 32 35 36 39 20 66 72 6f 6d 20 50 79 74 68 6f 6e 0a
[2026-01-13T16:57:47.260Z] [RX] 5b 54 45 53 54 5d 20 48 65 61 72 74 62 65 61 74 20 23 32 35 37 30 20 66 72 6f 6d 20 50 79 74 68 6f 6e 0a
[2026-01-13T16:57:48.260Z] [RX] 5b 54 45 53 54 5d 20 48 65 61 72 74 62 65 61 74 20 23 32 35 37 31 20 66 72 6f 6d 20 50 79 74 68 6f 6e 0a
[2026-01-13T16:57:49.261Z] [RX] 5b 54 45 53 54 5d 20 48 65 61 72 74 62 65 61 74 20 23 32 35 37 32 20 66 72 6f 6d 20 50 79 74 68 6f 6e 0a
[2026-01-13T16:57:50.261Z] [RX] 5b 54 45 53 54 5d 20 48 65 61 72 74 62 65 61 74 20 23 32 35 37 33 20 66 72 6f 6d 20 50 79 74 68 6f 6e 0a
[2026-01-13T16:57:51.261Z] [RX] 5b 54 45 53 54 5d 20 48 65 61 72 74 62 65 61 74 20 23 32 35 37 34 20 66 72 6f 6d 20 50 79 74 68 6f 6e 0a
[2026-01-13T16:57:52.261Z] [RX] 5b 54 45 53 54 5d 20 48 65 61 72 74 62 65 61 74 20 23 32 35 37 35 20 66 72 6f 6d 20 50 79 74 68 6f 6e 0a
[2026-01-13T16:57:53.262Z] [RX] 5b 54 45 53 54 5d 20 48 65 61 72 74 62 65 61 74 20 23 32 35 37 36 20 66 72 6f 6d 20 50 79 74 68 6f 6e 0a
[2026-01-13T16:57:54.262Z] [RX] 5b 54 45 53 54 5d 20 48 65 61 72 74 62 65 61 74 20 23 32 35 37 37 20 66 72 6f 6d 20 50 79 74 68 6f 6e 0a
[2026-01-13T16:57:55.262Z] [RX] 5b 54 45 53 54 5d 20 48 65 61 72 74 62 65 61 74 20 23 32 35 37 38 20 66 72 6f 6d 20 50 79 74 68 6f 6e 0a
[2026-01-13T16:57:56.262Z] [RX] 5b 54 45 53 54 5d 20 48 65 61 72 74 62 65 61 74 20 23 32 35 37 39 20 66 72 6f 6d 20 50 79 74 68 6f 6e 0a
[2026-01-13T16:57:57.262Z] [RX] 5b 54 45 53 54 5d 20 48 65 61 72 74 62 65 61 74 20 23 32 35 38 30 20 66 72 6f 6d 20 50 79 74 68 6f 6e 0a
[2026-01-13T16:57:58.263Z] [RX] 5b 54 45 53 54 5d 20 48 65 61 72 74 62 65 61 74 20 23 32 35 38 31 20 66 72 6f 6d 20 50 79 74 68 6f 6e 0a
[2026-01-13T16:57:59.263Z] [RX] 5b 54 45 53 54 5d 20 48 65 61 72 74 62 65 61 74 20 23 32 35 38 32 20 66 72 6f 6d 20 50 79 74 68 6f 6e 0a
[2026-01-13T16:58:00.263Z] [RX] 5b 54 45 53 54 5d 20 48 65 61 72 74 62 65 61 74 20 23 32 35 38 33 20 66 72 6f 6d 20 50 79 74 68 6f 6e 0a
[2026-01-13T16:58:01.264Z] [RX] 5b 54 45 53 54 5d 20 48 65 61 72 74 62 65 61 74 20 23 32 35 38 34 20 66 72 6f 6d 20 50 79 74 68 6f 6e 0a
[2026-01-13T16:58:02.264Z] [RX] 5b 54 45 53 54 5d 20 48 65 61 72 74 62 65 61 74 20 23 32 35 38 35 20 66 72 6f 6d 20 50 79 74 68 6f 6e 0a
[2026-01-13T16:58:03.264Z] [RX] 5b 54 45 53 54 5d 20 48 65 61 72 74 62 65 61 74 20 23 32 35 38 36 20 66 72 6f 6d 20 50 79 74 68 6f 6e 0a
[2026-01-13T16:58:04.264Z] [RX] 5b 54 45 53 54 5d 20 48 65 61 72 74 62 65 61 74 20 23 32 35 38 37 20 66 72 6f 6d 20 50 79 74 68 6f 6e 0a
[2026-01-13T16:58:05.265Z] [RX] 5b 54 45 53 54 5d 20 48 65 61 72 74 62 65 61 74 20 23 32 35 38 38 20 66 72 6f 6d 20 50 79 74 68 6f 6e 0a
[2026-01-13T16:58:06.265Z] [RX] 5b 54 45 53 54 5d 20 48 65 61 72 74 62 65 61 74 20 23 32 35 38 39 20 66 72 6f 6d 20 50 79 74 68 6f 6e 0a
